  Time     Slices  Users
 1.00424      1      1
 1.04843      2      2
 1.12951      3      3
 1.13726      4      4
 1.21053      5      5
 1.34167      6      8
 1.43451      7     10
 1.47061      8     11
 1.50553      9     12
 1.54201     10     13
 1.56034     11     14
 1.63934     12     15
 1.65655     13     16
 1.73311     14     17
 1.86319     15     21
 2.05534     16     24
 2.16653     17     26
 2.20476     18     27
 2.32381     19     28
 2.37264     20     31
 2.38569     21     32
 2.41809     22     33
 2.41843     23     34
 2.62051     24     36
 2.67865     25     37
 2.70803     26     38
 2.83129     27     39
 2.85431     28     40
 2.90381     29     41
 3.08306     30     43
 3.09403     31     44
 3.22633     32     49
 3.24889     33     51
 3.25359     34     52
 3.26661     35     54
 3.41425     36     57
 3.45486     37     59
 3.48651     36     58
 3.49295     37     60
 3.59561     38     63
 3.72975     39     64
 3.78900     40     66
 3.84744     41     71
 3.87013     42     72
 3.98849     43     74
 4.01833     44     75
 4.12629     45     77
 4.13556     46     78
 4.30610     47     86
 4.38007     48     87
 4.50508     49     96
 4.53042     50     97
 4.95541     51    102
 5.00465     50    102
 5.18314     49    104
 5.65456     50    118
 6.06732     51    125
 6.09121     52    126
 6.11092     53    129
 6.23936     54    132
 6.42674     55    134
 6.43637     56    135
 6.54318     57    138
 6.56721     58    139
 6.60478     59    140
 6.75174     60    143
 6.93363     61    150
 7.13130     62    155
 7.27586     63    157
 7.45241     64    162
 7.56258     65    166
 7.63410     66    167
 7.63623     67    168
 8.22187     68    183
 8.22951     69    185
 8.44625     70    192
 8.74003     71    197
 9.06678     72    208
 9.65699     73    220
 9.81459     74    221
 10.0438     75    230
 10.3102     76    233
 10.3495     77    235
 10.7256     78    248
 10.8452     79    254
 14.4301     78    256
 15.2222     77    256
 47.5566     76    256
 54.3037     77    257
 54.8496     78    257
 55.3999     79    257
 66.7394     80    257
 69.4439     81    257
 83.3344     80    256
 87.5134     79    256
 88.3744     80    257
 88.5193     79    256
 90.3315     78    256
 90.8564     79    257
 91.4914     80    257
 99.6749     81    257
 104.711     82    257
 127.232     81    256
 129.698     80    256
 129.698     81    257
 143.824     82    257
 145.162     83    257
 153.073     82    256
 154.870     83    257
 180.438     82    256
 194.200     81    256
 206.865     80    256
 236.006     81    257
 239.382     82    257
 240.890     81    256
 247.478     82    257
 265.329     83    257
 266.891     82    256
 268.503     81    256
 274.570     80    256
 274.570     81    257
 287.412     82    257
 293.463     81    256
 302.932     82    257
 311.103     83    257
 313.217     84    257
 346.163     85    257
 359.621     84    256
 386.568     85    257
 387.459     84    256
 396.926     85    257
 400.496     86    257
 422.736     87    257
 424.271     88    257
 425.205     89    257
 433.860     88    256
 433.901     87    256
 439.413     88    257
 439.621     89    257
 447.625     90    257
 461.061     91    257
 470.838     90    256
 470.838     91    257
 482.000     92    257
 482.280     91    256
 484.721     92    257
 503.835     91    256
 503.835     92    257
 504.633     93    257
 523.519     92    256
 529.248     91    256
 541.757     90    256
 552.082     89    256
 558.447     88    256
 573.505     87    256
 581.308     88    257
 584.213     89    257
 585.777     90    257
 592.526     91    257
 599.678     90    256
 631.983     91    257
 637.527     92    257
 640.575     93    257
 641.444     92    256
 644.936     91    256
 675.011     92    257
 677.942     93    257
 680.680     92    256
 682.278     91    256
 683.152     90    256
 683.152     91    257
 687.563     92    257
 709.812     93    257
 709.885     92    256
 714.119     91    256
 720.281     92    257
 724.583     93    257
 729.361     92    256
 730.800     93    257
 739.116     92    256
 749.075     93    257
 752.288     92    256
 757.065     93    257
 763.537     92    256
 772.413     91    256
 795.273     90    256
 806.973     89    256
 812.235     90    257
 814.434     89    256
 819.417     90    257
 829.743     91    257
 831.302     90    256
 854.063     89    256
 857.925     88    256
 879.285     87    256
 882.393     88    257
 885.871     87    256
 893.122     86    256
 903.145     85    256
 909.594     84    256
 909.594     85    257
 919.512     84    256
 927.499     85    257
 935.039     84    256
 936.535     83    256
 937.318     82    256
 954.508     83    257
 955.153     84    257
 981.281     83    256
 981.386     82    256
 983.020     83    257
 1008.30     82    256
 1012.32     81    256
 1013.50     80    256
 1030.28     81    257
 1033.08     82    257
 1065.09     81    256
 1065.09     82    257
 1071.38     81    256
 1106.90     80    256
 1109.82     81    257
 1116.38     82    257
 1133.61     83    257
 1135.96     82    256
 1144.67     83    257
 1152.93     82    256
 1154.67     83    257
 1162.44     82    256
 1202.03     81    256
 1235.70     80    256
 1237.61     79    256
 1237.61     80    257
 1247.29     81    257
 1256.99     82    257
 1257.33     81    256
 1257.33     82    257
 1264.74     81    256
 1264.74     82    257
 1266.21     83    257
 1275.99     82    256
 1290.66     81    256
 1311.47     82    257
 1319.60     81    256
 1319.60     82    257
 1331.00     81    256
 1337.77     82    257
 1343.80     81    256
 1349.44     82    257
 1353.43     83    257
 1353.48     84    257
 1366.21     83    256
 1405.82     84    257
 1408.29     83    256
 1419.57     82    256
 1420.65     81    256
 1420.65     82    257
 1444.68     83    257
 1461.79     84    257
 1467.17     83    256
 1483.30     82    256
 1484.26     83    257
 1488.02     82    256
 1489.68     83    257
 1494.57     82    256
 1494.64     81    256
 1522.82     82    257
 1527.03     81    256
 1546.27     82    257
 1553.42     83    257
 1554.01     84    257
 1558.09     83    256
 1565.01     82    256
 1571.15     81    256
 1572.21     80    256
 1576.21     81    257
 1580.06     82    257
 1580.60     81    256
 1580.92     80    256
 1580.92     81    257
 1584.20     82    257
 1587.53     81    256
 1588.52     82    257
 1607.80     83    257
 1608.40     84    257
 1614.64     85    257
 1626.56     84    256
 1629.05     83    256
 1633.93     84    257
 1664.32     83    256
 1668.97     82    256
 1669.15     83    257
 1670.06     82    256
 1670.06     83    257
 1676.04     84    257
 1679.28     83    256
 1680.46     84    257
 1688.30     83    256
 1696.30     84    257
 1721.00     85    257
 1734.63     86    257
 1752.77     85    256
 1752.77     86    257
 1764.45     85    256
 1765.54     84    256
 1784.87     83    256
 1812.36     84    257
 1819.81     83    256
 1831.02     82    256
 1837.60     83    257
 1852.91     84    257
 1869.18     85    257
 1873.72     84    256
 1890.79     85    257
 1914.65     84    256
 1914.65     85    257
 1916.54     84    256
 1917.83     83    256
 1928.15     84    257
 1928.75     83    256
 1937.23     82    256
 1943.61     81    256
 1974.51     82    257
 1985.45     81    256
 1987.53     82    257
 1993.66     83    257
 1994.58     84    257
 1996.71     85    257
 2006.93     86    257
 2032.20     85    256
 2046.02     84    256
 2051.65     85    257
 2059.53     86    257
 2067.06     87    257
 2074.73     88    257
 2084.21     89    257
 2085.51     90    257
 2086.55     89    256
 2088.23     90    257
 2091.23     91    257
 2098.37     92    257
 2104.89     91    256
 2106.07     90    256
 2126.31     89    256
 2126.31     90    257
 2148.69     89    256
 2148.96     90    257
 2154.84     89    256
 2154.84     90    257
 2158.37     91    257
 2192.70     90    256
 2205.67     91    257
 2206.23     90    256
 2206.61     91    257
 2210.50     90    256
 2210.50     91    257
 2219.58     92    257
 2223.61     93    257
 2237.66     92    256
 2237.66     93    257
 2245.28     94    257
 2254.37     93    256
 2257.80     92    256
 2257.80     93    257
 2270.73     94    257
 2277.05     95    257
 2283.97     94    255
 2287.02     93    255
 2300.22     94    256
 2300.89     93    255
 2312.79     92    255
 2314.54     91    255
 2314.54     92    256
 2327.46     93    256
 2327.66     92    255
 2342.14     91    255
 2353.51     90    255
 2364.19     91    256
 2374.00     90    255
 2374.41     91    256
 2383.42     90    255
 2387.19     89    255
 2397.87     88    255
 2398.77     87    255
 2403.43     86    255
 2407.05     85    255
 2416.57     84    255
 2430.36     85    256
 2431.79     86    256
 2437.05     87    256
 2437.25     88    256
 2448.12     87    255
 2464.59     86    255
 2464.59     87    256
 2492.00     86    255
 2528.03     87    256
 2529.09     86    255
 2534.23     87    256
 2554.65     88    256
 2559.47     89    256
 2564.12     88    255
 2585.87     89    256
 2592.26     88    255
 2598.71     87    255
 2603.92     86    255
 2610.37     87    256
 2622.15     88    256
 2623.85     89    256
 2624.90     88    255
 2631.74     89    256
 2631.89     88    255
 2633.08     87    255
 2633.08     88    256
 2634.54     87    255
 2634.56     86    255
 2634.56     87    256
 2636.30     86    255
 2638.77     87    256
 2639.17     86    255
 2645.72     87    256
 2647.63     86    255
 2669.74     85    255
 2671.70     86    256
 2680.11     85    255
 2685.08     86    256
 2687.23     87    256
 2689.97     86    255
 2701.98     87    256
 2710.99     86    255
 2722.01     85    255
 2722.15     86    256
 2768.21     85    255
 2777.56     84    255
 2779.66     85    256
 2783.13     84    255
 2783.13     85    256
 2788.60     84    255
 2794.00     83    255
 2797.42     82    255
 2797.42     83    256
 2797.57     84    256
 2812.29     83    255
 2812.29     84    256
 2827.11     85    256
 2828.77     86    256
 2836.66     87    256
 2857.73     86    255
 2894.14     85    255
 2896.02     84    255
 2901.25     83    255
 2905.60     84    256
 2907.07     83    255
 2913.35     82    255
 2917.22     81    255
 2917.22     82    256
 2946.66     81    255
 2967.01     80    255
 2967.01     81    256
 2971.20     80    255
 2973.67     81    256
 2987.54     80    255
 2990.56     79    255
 2993.55     80    256
 3008.37     79    255
 3009.92     78    255
 3010.08     79    256
 3018.05     78    255
 3018.05     79    256
 3024.42     78    255
 3049.31     79    257
 3052.87     78    256
 3064.60     77    256
 3081.21     76    256
 3081.21     77    257
 3083.77     76    256
 3086.68     75    256
 3086.68     76    257
 3095.40     75    256
 3097.71     76    257
 3106.65     77    257
 3117.22     78    257
 3118.82     77    256
 3134.46     76    256
 3138.60     77    257
 3146.44     78    257
 3147.05     79    257
 3147.07     80    257
 3149.21     81    257
 3167.00     80    256
 3167.00     81    257
 3205.98     82    257
 3208.35     83    257
 3210.54     82    256
 3210.54     83    257
 3210.78     84    257
 3238.32     85    257
 3244.19     84    256
 3244.19     85    257
 3249.77     86    257
 3269.14     87    257
 3270.81     88    257
 3296.06     87    256
 3299.78     86    256
 3303.68     87    257
 3307.33     86    256
 3309.11     85    256
 3309.11     86    257
 3317.33     85    256
 3320.73     86    257
 3326.50     85    256
 3328.10     86    257
 3331.22     87    257
 3335.30     86    256
 3347.06     87    257
 3359.14     86    256
 3361.29     87    257
 3361.54     88    257
 3390.69     87    256
 3392.58     86    256
 3408.47     85    256
 3424.96     84    256
 3429.11     83    256
 3460.57     82    256
 3463.07     83    257
 3465.51     84    257
 3474.17     83    256
 3479.65     82    256
 3479.65     83    257
 3491.67     82    256
 3503.88     81    256
 3518.66     82    257
 3520.83     81    256
 3527.19     82    257
 3530.16     81    256
 3535.15     80    256
 3536.46     81    257
 3538.31     80    256
 3541.45     79    256
 3541.45     80    257
 3548.32     81    257
 3571.28     82    257
 3585.25     81    256
 3605.46     80    256
 3607.80     79    256
 3626.58     78    256
 3626.58     79    257
 3628.53     78    256
 3628.53     79    257
 3643.43     80    257
 3648.10     81    257
 3650.42     80    256
 3652.04     81    257
 3652.37     80    256
 3652.37     81    257
 3655.77     82    257
 3660.02     83    257
 3668.07     82    256
 3668.07     83    257
 3674.87     82    256
 3674.87     83    257
 3686.24     82    256
 3717.01     81    256
 3725.03     80    256
 3725.03     81    257
 3733.12     82    257
 3739.14     83    257
 3745.41     84    257
 3778.66     83    256
 3788.98     82    256
 3788.98     83    257
 3790.15     82    256
 3800.09     81    256
 3803.85     82    257
 3813.70     81    256
 3819.84     82    257
 3836.47     81    256
 3839.30     80    256
 3839.30     81    257
 3839.99     82    257
 3843.54     83    257
 3847.05     84    257
 3860.17     85    257
 3872.58     84    256
 3876.59     83    256
 3876.59     84    257
 3876.60     83    256
 3883.01     84    257
 3895.99     83    256
 3899.88     82    256
 3899.88     83    257
 3899.94     84    257
 3900.75     83    256
 3900.75     84    257
 3901.06     85    257
 3904.52     86    257
 3915.19     87    257
 3916.19     88    257
 3920.45     89    257
 3933.93     90    257
 3938.94     89    256
 3957.43     88    256
 3961.56     89    257
 3974.40     88    256
 3980.48     89    257
 3993.92     88    256
 4001.34     87    256
 4004.15     88    257
 4016.89     89    257
 4017.87     90    257
 4018.86     89    256
 4018.95     90    257
 4032.05     89    256
 4038.79     88    256
 4040.36     87    256
 4048.43     86    256
 4058.79     87    257
 4061.77     88    257
 4069.55     89    257
 4070.32     90    257
 4105.11     89    256
 4109.42     90    257
 4128.48     89    256
 4140.85     90    257
 4153.24     89    256
 4157.88     90    257
 4182.35     91    257
 4185.45     92    257
 4188.66     91    256
 4213.55     90    256
 4221.09     91    257
 4223.35     92    257
 4223.72     91    256
 4226.96     90    256
 4231.69     89    256
 4231.91     88    256
 4239.91     87    256
 4249.22     86    256
 4249.22     87    257
 4263.20     88    257
 4264.59     89    257
 4281.67     90    257
 4283.33     91    257
 4294.73     90    256
 4303.16     89    256
 4308.93     90    257
 4313.91     89    256
 4336.50     88    256
 4336.50     89    257
 4370.66     88    256
 4384.49     87    256
 4388.55     88    257
 4393.06     89    257
 4398.75     88    256
 4406.63     89    257
 4413.89     88    256
 4435.25     87    256
 4457.80     86    256
 4458.19     87    257
 4462.36     88    257
 4481.47     87    256
 4482.36     88    257
 4503.39     87    256
 4504.41     86    256
 4507.41     87    257
 4524.72     88    257
 4525.13     89    257
 4546.95     88    256
 4553.00     87    256
 4561.92     88    257
 4567.18     87    256
 4567.18     88    257
 4573.79     87    256
 4581.45     86    256
 4581.45     87    257
 4583.94     86    256
 4585.31     85    256
 4613.36     84    256
 4635.74     83    256
 4638.10     84    257
 4663.13     85    257
 4667.41     84    256
 4671.09     85    257
 4676.72     84    256
 4677.28     85    257
 4681.18     86    257
 4699.57     85    256
 4699.57     86    257
 4710.64     87    257
 4733.26     88    257
 4752.08     87    256
 4767.33     86    256
 4767.38     87    257
 4770.19     88    257
 4773.65     87    256
 4782.13     88    257
 4782.80     89    257
 4787.26     88    256
 4789.38     89    257
 4796.22     90    257
 4804.99     89    256
 4827.43     88    256
 4839.72     87    256
 4840.85     88    257
 4846.67     89    257
 4848.24     90    257
 4851.82     89    256
 4851.82     90    257
 4856.45     89    256
 4862.23     88    256
 4865.25     89    257
 4867.22     88    256
 4871.18     87    256
 4871.18     88    257
 4873.30     87    256
 4893.07     88    257
 4895.64     87    256
 4896.45     88    257
 4908.66     89    257
 4914.24     90    257
 4929.11     91    257
 4931.18     92    257
 4938.55     91    256
 4939.18     92    257
 4951.22     91    256
 4955.24     92    257
 4962.00     93    257
 4964.93     92    256
 4975.71     91    256
 4975.91     90    256
 4979.49     89    256
 5022.77     90    257
 5026.75     91    257
 5028.46     90    256
 5034.80     91    257
 5036.92     92    257
 5039.67     91    256
 5052.15     90    256
 5067.72     89    256
 5067.72     90    257
 5077.75     89    256
 5077.80     90    257
 5078.05     89    256
 5081.80     88    256
 5087.39     87    256
 5105.82     88    257
 5112.90     89    257
 5123.62     90    257
 5130.87     89    256
 5130.87     90    257
 5149.18     91    257
 5150.91     90    256
 5151.89     89    256
 5162.41     90    257
 5172.89     89    256
 5172.89     90    257
 5181.26     89    256
 5184.23     90    257
 5187.77     91    257
 5190.85     90    256
 5221.12     91    257
 5228.18     90    256
 5232.92     91    257
 5235.01     90    256
 5236.46     89    256
 5236.46     90    257
 5243.21     89    256
 5247.76     88    256
 5265.65     89    257
 5281.70     88    256
 5290.46     87    256
 5290.46     88    257
 5292.51     89    257
 5317.88     88    256
 5317.88     89    257
 5322.17     90    257
 5326.55     89    256
 5331.50     90    257
 5332.14     89    256
 5336.86     88    256
 5341.36     89    257
 5346.17     90    257
 5362.94     91    257
 5367.77     90    256
 5383.23     91    257
 5389.33     92    257
 5397.55     91    256
 5398.51     92    257
 5403.70     91    256
 5414.62     92    257
 5415.00     91    256
 5423.54     90    256
 5423.54     91    257
 5423.66     92    257
 5425.44     91    256
 5451.87     90    256
 5455.04     91    257
 5458.07     90    256
 5458.77     91    257
 5488.52     90    256
 5491.50     89    256
 5493.20     90    257
 5512.41     89    256
 5525.87     88    256
 5527.07     89    257
 5530.60     88    256
 5549.92     89    257
 5556.98     90    257
 5559.45     91    257
 5563.67     92    257
 5573.92     91    256
 5573.92     92    257
 5618.96     91    256
 5618.96     92    257
 5642.45     91    256
 5647.90     92    257
 5671.75     91    256
 5671.75     92    257
 5675.19     91    256
 5675.19     92    257
 5687.27     91    256
 5687.27     92    257
 5687.95     93    257
 5691.27     92    256
 5692.29     91    256
 5697.00     90    256
 5698.24     91    257
 5700.27     90    256
 5715.74     89    256
 5745.35     90    257
 5748.54     91    257
 5768.78     90    256
 5771.08     91    257
 5772.55     92    257
 5772.62     91    256
 5777.06     92    257
 5782.33     91    256
 5794.10     90    256
 5798.39     91    257
 5808.52     90    256
 5811.92     89    256
 5818.52     88    256
 5818.52     89    257
 5819.65     88    256
 5821.63     87    256
 5835.98     88    257
 5857.76     89    257
 5869.98     88    256
 5880.89     87    256
 5890.12     86    256
 5893.43     85    256
 5893.43     86    257
 5900.31     87    257
 5907.41     86    256
 5912.51     87    257
 5918.20     88    257
 5934.79     87    256
 5942.68     88    257
 5955.43     87    256
 5965.91     86    256
 5973.87     87    257
 5979.58     86    256
 5979.58     87    257
 5981.90     88    257
 5986.29     89    257
 5991.32     88    256
 5994.70     89    257
 6066.16     90    257
 6067.54     89    256
 6093.39     88    256
 6093.39     89    257
 6098.93     90    257
 6116.75     89    256
 6117.74     90    257
 6123.51     91    257
 6140.48     90    256
 6143.08     91    257
 6146.47     92    257
 6148.82     91    256
 6152.74     92    257
 6167.95     91    256
 6184.12     90    256
 6207.16     91    257
 6238.40     90    256
 6245.80     91    257
 6251.19     90    256
 6256.74     91    257
 6265.73     92    257
 6270.32     93    257
 6272.78     92    256
 6277.92     93    257
 6291.01     94    257
 6291.35     93    256
 6292.83     94    257
 6308.04     93    256
 6323.34     94    257
 6335.72     93    256
 6339.90     92    256
 6368.74     91    256
 6374.62     90    256
 6374.62     91    257
 6377.94     92    257
 6383.23     93    257
 6386.13     94    257
 6400.07     95    257
 6414.32     94    255
 6414.32     95    256
 6431.21     94    254
 6443.56     93    254
 6443.56     94    255
 6452.23     93    254
 6452.28     92    254
 6457.41     91    254
 6457.41     92    255
 6462.53     91    254
 6478.00     92    255
 6479.37     91    254
 6492.07     90    254
 6493.17     89    254
 6514.57     88    254
 6517.69     89    255
 6520.06     90    255
 6526.57     91    255
 6544.87     90    254
 6554.63     89    254
 6559.54     88    254
 6560.09     87    254
 6561.09     86    254
 6573.52     87    255
 6573.60     88    255
 6611.53     87    254
 6638.05     88    255
 6642.91     89    255
 6649.01     90    255
 6656.68     89    254
 6657.49     88    254
 6670.56     87    254
 6673.59     86    254
 6673.59     87    255
 6693.95     88    255
 6699.85     89    255
 6706.94     88    254
 6707.34     87    254
 6722.20     86    254
 6737.84     87    255
 6743.42     86    254
 6743.42     87    255
 6753.55     86    254
 6757.28     85    254
 6757.39     86    255
 6767.35     87    255
 6787.57     88    255
 6821.24     87    254
 6833.21     88    255
 6848.62     87    254
 6851.39     88    255
 6855.77     89    255
 6865.19     88    254
 6866.08     87    254
 6870.45     86    254
 6871.83     87    255
 6879.71     86    254
 6880.91     85    254
 6880.91     86    255
 6897.38     87    255
 6918.44     88    255
 6926.18     89    255
 6927.98     88    254
 6930.21     87    254
 6936.96     88    255
 6937.86     87    254
 6939.17     86    254
 6974.34     87    255
 6988.45     88    255
 6988.61     89    255
 6990.02     90    255
 6998.57     89    254
 6998.82     88    254
 7015.62     87    254
 7021.04     88    255
 7033.26     87    254
 7036.37     88    255
 7037.12     89    255
 7057.13     88    254
 7060.57     89    255
 7066.53     90    255
 7069.20     91    255
 7070.68     90    254
 7071.00     91    255
 7079.27     92    255
 7123.48     93    255
 7133.41     92    254
 7143.89     91    254
 7143.89     92    255
 7148.13     93    255
 7149.07     94    255
 7170.20     95    255
 7195.45     94    253
 7219.73     93    253
 7223.94     94    254
 7224.11     93    253
 7233.34     92    253
 7233.34     93    254
 7248.71     92    253
 7263.06     93    254
 7289.36     94    254
 7309.49     93    253
 7335.15     94    254
 7350.10     93    253
 7350.10     94    254
 7364.05     95    255
 7387.38     94    253
 7390.01     95    254
 7407.86     94    252
 7418.53     93    252
 7418.61     92    252
 7418.61     93    253
 7431.36     92    252
 7435.26     93    253
 7448.44     92    252
 7449.42     93    253
 7450.73     94    253
 7462.14     95    253
 7501.41     94    249
 7503.25     93    249
 7510.11     94    250
 7515.85     93    249
 7527.85     94    250
 7529.60     93    249
 7536.44     94    250
 7546.52     93    249
 7570.35     94    250
 7578.39     93    249
 7594.98     94    250
 7621.28     95    250
 7623.03     94    248
 7627.00     95    249
 7642.20     94    245
 7651.08     93    245
 7671.54     94    246
 7684.36     93    245
 7684.82     94    246
 7687.11     93    245
 7688.72     92    245
 7694.68     91    245
 7694.90     90    245
 7694.90     91    246
 7695.92     90    245
 7695.92     91    246
 7703.30     90    245
 7703.30     91    246
 7731.81     92    246
 7732.66     91    245
 7735.05     90    245
 7742.70     89    245
 7756.80     88    245
 7776.76     89    246
 7781.28     88    245
 7798.20     89    247
 7800.37     90    247
 7802.62     89    246
 7806.36     90    247
 7812.16     89    246
 7812.53     88    246
 7820.65     89    247
 7826.14     90    247
 7827.35     89    246
 7827.35     90    247
 7832.48     91    247
 7843.32     92    247
 7877.60     91    246
 7883.28     90    246
 7884.88     91    247
 7891.22     90    246
 7897.73     89    246
 7897.73     90    247
 7907.00     89    246
 7915.18     88    246
 7918.16     87    246
 7919.35     88    247
 7925.23     89    247
 7926.81     90    247
 7930.66     89    246
 7935.07     88    246
 7937.16     87    246
 7940.61     86    246
 7940.61     87    247
 7956.19     86    246
 7966.11     85    246
 7987.26     86    247
 7990.03     87    247
 7993.55     88    247
 7996.33     89    247
 8011.93     90    247
 8019.54     89    246
 8020.63     88    246
 8035.78     89    247
 8045.87     90    247
 8067.56     91    247
 8077.76     92    247
 8101.13     91    246
 8111.51     92    247
 8112.62     91    246
 8112.96     92    247
 8114.30     91    246
 8142.35     92    248
 8145.06     91    247
 8175.45     90    247
 8183.91     91    248
 8204.08     92    249
 8206.76     91    248
 8227.01     90    248
 8227.01     91    249
 8227.59     90    248
 8234.88     91    249
 8254.28     92    249
 8255.24     93    249
 8257.44     92    248
 8257.44     93    249
 8275.08     94    249
 8277.95     93    248
 8281.56     92    248
 8282.57     91    248
 8293.26     90    248
 8294.77     89    248
 8319.29     90    249
 8324.45     89    248
 8336.14     90    249
 8337.67     91    249
 8337.78     90    248
 8340.35     91    249
 8342.20     90    249
 8345.54     91    250
 8363.09     90    249
 8378.42     89    249
 8378.42     90    250
 8384.58     89    249
 8385.07     90    250
 8392.51     91    250
 8401.55     92    250
 8408.21     93    250
 8410.48     94    250
 8411.65     93    249
 8413.08     92    249
 8429.05     93    252
 8433.13     92    251
 8451.17     91    251
 8451.17     92    252
 8456.94     91    251
 8474.66     92    252
 8495.07     91    251
 8495.07     92    252
 8501.56     93    252
 8502.28     92    251
 8508.35     91    251
 8522.35     92    253
 8535.93     93    253
 8551.61     92    252
 8553.04     91    252
 8553.04     92    253
 8556.01     93    253
 8557.21     94    253
 8565.79     95    253
 8571.28     94    252
 8573.57     95    253
 8576.95     94    252
 8580.54     95    253
 8618.82     94    251
 8629.61     93    251
 8635.94     94    252
 8639.81     95    252
 8650.81     94    250
 8650.81     95    251
 8663.89     94    249
 8667.33     93    249
 8677.80     92    249
 8678.75     93    250
 8701.51     94    250
 8708.72     93    249
 8720.24     94    250
 8732.03     95    250
 8737.62     94    249
 8756.16     93    249
 8756.16     94    250
 8775.18     95    250
 8800.24     94    248
 8800.68     93    248
 8811.23     92    248
 8815.17     93    249
 8825.05     94    249
 8825.64     95    249
 8849.87     94    248
 8851.99     93    248
 8863.01     92    248
 8885.32     91    248
 8890.95     90    248
 8896.20     91    249
 8904.26     92    249
 8906.79     93    249
 8931.95     92    248
 8931.95     93    249
 8938.55     92    249
 8939.35     93    250
 8947.88     92    249
 8961.98     93    250
 8971.55     92    249
 8974.69     93    250
 8999.86     92    249
 9001.25     93    250
 9041.46     94    250
 9054.67     95    250
 9061.77     94    249
 9075.18     93    250
 9075.18     94    251
 9135.43     93    250
 9143.61     94    251
 9149.31     93    250
 9150.69     94    251
 9164.88     93    250
 9174.82     94    251
 9176.08     95    251
 9194.37     94    250
 9237.79     93    250
 9237.86     92    250
 9237.86     93    251
 9242.67     94    251
 9247.86     93    250
 9259.72     94    251
 9266.79     95    251
 9275.99     94    250
 9278.64     95    252
 9287.50     94    251
 9290.53     93    251
 9293.30     94    252
 9296.57     93    251
 9309.23     92    251
 9309.80     93    252
 9315.03     94    252
 9315.64     93    251
 9315.64     94    252
 9320.46     95    252
 9345.16     94    251
 9362.04     95    252
 9378.44     94    251
 9385.49     93    251
 9389.85     94    252
 9401.57     93    251
 9410.37     94    252
 9431.89     95    252
 9437.12     94    251
 9440.86     95    252
 9450.16     94    251
 9450.93     93    251
 9450.93     94    252
 9453.25     93    251
 9467.43     92    251
 9473.48     93    252
 9475.93     94    252
 9483.97     93    251
 9483.97     94    252
 9488.96     95    253
 9499.61     94    251
 9499.61     95    252
 9511.20     94    251
 9515.65     93    251
 9516.85     92    251
 9521.89     91    251
 9521.89     92    252
 9529.69     91    251
 9534.37     90    251
 9534.37     91    252
 9547.00     90    251
 9557.40     89    251
 9561.93     90    252
 9574.38     91    252
 9575.68     90    251
 9582.63     91    252
 9593.17     90    251
 9599.26     91    252
 9602.09     92    252
 9613.56     93    252
 9615.37     92    251
 9615.37     93    252
 9632.82     94    252
 9641.76     93    251
 9641.76     94    252
 9645.23     93    251
 9655.12     92    251
 9656.83     91    251
 9663.54     92    252
 9665.04     91    251
 9674.11     90    251
 9680.32     89    251
 9680.32     90    252
 9684.89     89    251
 9687.23     88    251
 9688.79     89    252
 9701.20     90    253
 9707.69     89    252
 9733.20     90    253
 9733.39     89    252
 9738.68     88    252
 9740.11     87    252
 9746.03     86    252
 9749.99     87    253
 9756.20     88    253
 9763.90     87    252
 9765.47     86    252
 9767.42     85    252
 9767.42     86    253
 9770.27     87    253
 9775.94     86    252
 9788.95     85    252
 9797.24     84    252
 9801.39     83    252
 9831.71     84    253
 9844.57     83    252
 9847.76     84    253
 9848.26     85    253
 9851.92     86    253
 9882.33     87    253
 9885.55     86    252
 9889.01     85    252
 9901.10     86    253
 9915.47     87    254
 9924.02     88    254
 9927.20     87    253
 9936.80     86    253
 9947.37     85    253
 9963.61     84    253
 9975.08     83    253
 9975.08     84    254
 9981.06     85    254
 9981.09     84    253
